1.0000 0.0001
1.0000 0.0001
1.0000 0.0001
1.0000 0.0001
1.0000 0.0001
1.0000 0.0001
1.0000 0.0001
1.0011 0.0001
1.0058 0.0001
1.0126 0.0001
1.0233 0.0001
1.0365 0.0001
1.0524 0.0001
1.0694 0.0002
1.0894 0.0002
1.1096 0.0001
1.1300 -0.0008
1.1498 -0.0027
1.1703 -0.0065
1.1917 -0.0128
1.2098 -0.0201
1.2293 -0.0304
1.2455 -0.0412
1.2618 -0.0543
1.2766 -0.0690
1.2897 -0.0848
1.3024 -0.1026
1.3121 -0.1179
1.3225 -0.1350
1.3325 -0.1515
1.3436 -0.1696
1.3551 -0.1882
1.3689 -0.2107
1.3819 -0.2320
1.3975 -0.2572
1.4132 -0.2828
1.4288 -0.3081
1.4454 -0.3351
1.4601 -0.3589
1.4769 -0.3859
1.4925 -0.4113
1.5084 -0.4370
1.5268 -0.4666
1.5445 -0.4952
1.5683 -0.5332
1.5881 -0.5647
1.6114 -0.6019
1.6353 -0.6399
1.6591 -0.6778
1.6847 -0.7185
1.7070 -0.7539
1.7308 -0.7918
1.7564 -0.8324
1.7786 -0.8677
1.8043 -0.9084
1.8270 -0.9476
1.8466 -0.9851
1.8654 -1.0262
1.8835 -1.0712
1.8972 -1.1111
1.9107 -1.1576
1.9204 -1.1988
1.9293 -1.2428
1.9380 -1.2870
1.9467 -1.3308
1.9562 -1.3779
1.9644 -1.4188
1.9733 -1.4629
1.9822 -1.5068
1.9919 -1.5538
2.0009 -1.5979
2.0094 -1.6387
2.0185 -1.6828
2.0276 -1.7265
2.0369 -1.7706
2.0461 -1.8144
2.0561 -1.8613
2.0648 -1.9024
2.0742 -1.9461
2.0843 -1.9896
2.0973 -2.0350
2.1108 -2.0742
2.1288 -2.1179
2.1479 -2.1539
2.1722 -2.1906
2.2000 -2.2247
2.2332 -2.2581
2.2642 -2.2858
2.3009 -2.3155
2.3369 -2.3417
2.3715 -2.3645
2.4096 -2.3871
2.4517 -2.4092
2.4890 -2.4266
2.5331 -2.4445
2.5749 -2.4592
2.6146 -2.4710
2.6576 -2.4817
2.6984 -2.4899
2.7450 -2.4969
2.7924 -2.5015
2.8365 -2.5036
2.8781 -2.5037
2.9224 -2.5017
2.9697 -2.4973
3.0108 -2.4913
3.0571 -2.4821
3.0974 -2.4719
3.1397 -2.4590
3.1844 -2.4427
3.2226 -2.4266
3.2652 -2.4060
3.3015 -2.3861
3.3394 -2.3629
3.3760 -2.3378
3.4139 -2.3090
3.4453 -2.2824
3.4779 -2.2520
3.5087 -2.2203
3.5401 -2.1845
3.5657 -2.1521
3.5933 -2.1135
3.6173 -2.0762
3.6380 -2.0403
3.6582 -2.0010
3.6767 -1.9604
3.6931 -1.9193
3.7084 -1.8743
3.7217 -1.8315
3.7342 -1.7918
3.7469 -1.7517
3.7613 -1.7064
3.7750 -1.6635
3.7886 -1.6210
3.8035 -1.5753
3.8173 -1.5328
3.8314 -1.4902
3.8445 -1.4503
3.8586 -1.4081
3.8729 -1.3654
3.8862 -1.3259
3.9016 -1.2805
3.9170 -1.2354
3.9317 -1.1929
3.9454 -1.1532
3.9600 -1.1112
3.9759 -1.0658
3.9897 -1.0266
4.0058 -0.9813
4.0197 -0.9422
4.0350 -0.8999
4.0502 -0.8575
4.0654 -0.8156
4.0809 -0.7733
4.0973 -0.7286
4.1119 -0.6893
4.1274 -0.6475
4.1432 -0.6053
4.1600 -0.5605
4.1748 -0.5215
4.1918 -0.4765
4.2078 -0.4349
4.2228 -0.3958
4.2389 -0.3542
4.2563 -0.3094
4.2715 -0.2705
4.2890 -0.2260
4.3044 -0.1870
4.3209 -0.1456
4.3387 -0.1009
4.3542 -0.0624
4.3722 -0.0178
4.3878 0.0207
4.4048 0.0623
4.4230 0.1068
4.4389 0.1452
4.4573 0.1896
4.4732 0.2279
4.4906 0.2694
4.5079 0.3106
4.5243 0.3492
4.5430 0.3934
4.5617 0.4372
4.5783 0.4758
4.5971 0.5195
4.6138 0.5580
4.6328 0.6017
4.6496 0.6401
4.6677 0.6812
4.6858 0.7221
4.7040 0.7633
4.7222 0.8039
4.7418 0.8478
4.7588 0.8857
4.7786 0.9294
4.7955 0.9703
4.8097 1.0093
4.8235 1.0546
4.8338 1.0947
4.8428 1.1383
4.8497 1.1821
4.8545 1.2263
4.8572 1.2735
4.8576 1.3151
4.8560 1.3593
4.8523 1.4035
4.8462 1.4475
4.8379 1.4913
4.8275 1.5342
4.8154 1.5738
4.7974 1.6172
4.7749 1.6582
4.7517 1.6919
4.7235 1.7257
4.6921 1.7565
4.6561 1.7876
4.6236 1.8131
4.5848 1.8405
4.5499 1.8627
4.5114 1.8847
4.4719 1.9048
4.4285 1.9242
4.3872 1.9401
4.3479 1.9534
4.3051 1.9654
4.2620 1.9755
4.2210 1.9830
4.1743 1.9893
4.1269 1.9932
4.0823 1.9953
4.0403 1.9972
3.9958 1.9993
3.9538 2.0014
3.9062 2.0038
3.8583 2.0064
3.8164 2.0087
3.7718 2.0113
3.7269 2.0140
3.6793 2.0170
3.6375 2.0197
3.5899 2.0228
3.5480 2.0258
3.5031 2.0289
3.4586 2.0322
3.4137 2.0356
3.3662 2.0392
3.3244 2.0426
3.2799 2.0461
3.2351 2.0499
3.1874 2.0540
3.1458 2.0577
3.1009 2.0617
3.0565 2.0658
3.0117 2.0700
2.9673 2.0743
2.9195 2.0790
2.8780 2.0831
2.8334 2.0878
2.7885 2.0925
2.7442 2.0972
2.7024 2.1018
2.6553 2.1069
2.6079 2.1104
2.5666 2.1114
2.5221 2.1105
2.4777 2.1074
2.4338 2.1021
2.3928 2.0950
2.3465 2.0846
2.3010 2.0716
2.2619 2.0582
2.2218 2.0406
2.1836 2.0188
2.1476 1.9933
2.1113 1.9630
2.0788 1.9326
2.0478 1.9010
2.0199 1.8699
1.9900 1.8365
1.9580 1.8009
1.9302 1.7698
1.8981 1.7341
1.8703 1.7031
1.8382 1.6675
1.8101 1.6363
1.7780 1.6008
1.7500 1.5698
1.7200 1.5366
1.6899 1.5034
1.6577 1.4679
1.6296 1.4370
1.5994 1.4037
1.5692 1.3705
1.5390 1.3374
1.5088 1.3043
1.4765 1.2689
1.4483 1.2381
1.4159 1.2028
1.3877 1.1719
1.3573 1.1389
1.3270 1.1058
1.2945 1.0706
1.2642 1.0376
1.2359 1.0069
1.2054 0.9740
1.1751 0.9411
1.1445 0.9082
1.1140 0.8752
1.0814 0.8401
1.0530 0.8095
1.0225 0.7766
0.9899 0.7416
0.9601 0.7086
0.9336 0.6766
0.9072 0.6411
0.8807 0.6016
0.8594 0.5662
0.8369 0.5245
0.8191 0.4870
0.8020 0.4462
0.7867 0.4043
0.7736 0.3621
0.7618 0.3160
0.7535 0.2756
0.7466 0.2317
0.7418 0.1877
0.7391 0.1432
0.7386 0.0959
0.7403 0.0514
0.7442 0.0070
0.7498 -0.0341
0.7580 -0.0776
0.7684 -0.1208
0.7811 -0.1636
0.7957 -0.2053
0.8139 -0.2492
0.8315 -0.2865
0.8525 -0.3258
0.8747 -0.3649
0.8969 -0.4038
0.9208 -0.4454
0.9430 -0.4843
0.9638 -0.5206
0.9861 -0.5595
1.0112 -0.5997
1.0367 -0.6363
1.0619 -0.6690
1.0907 -0.7028
1.1211 -0.7352
1.1553 -0.7679
1.1867 -0.7952
1.2239 -0.8243
1.2578 -0.8483
1.2950 -0.8721
1.3337 -0.8942
1.3759 -0.9156
1.4137 -0.9325
1.4578 -0.9497
1.4971 -0.9629
1.5397 -0.9750
1.5831 -0.9851
1.6296 -0.9935
1.6707 -0.9990
1.7151 -1.0027
1.7625 -1.0046
1.8045 -1.0059
1.8491 -1.0075
1.8941 -1.0091
1.9387 -1.0107
1.9836 -1.0126
2.0283 -1.0144
2.0763 -1.0166
2.1212 -1.0186
2.1627 -1.0207
2.2077 -1.0229
2.2553 -1.0255
2.2972 -1.0278
2.3448 -1.0305
2.3867 -1.0330
2.4316 -1.0357
2.4761 -1.0386
2.5241 -1.0417
2.5656 -1.0445
2.6135 -1.0479
2.6550 -1.0508
2.6999 -1.0542
2.7476 -1.0578
2.7892 -1.0611
2.8372 -1.0650
2.8816 -1.0687
2.9234 -1.0722
2.9679 -1.0761
3.0127 -1.0801
3.0601 -1.0840
3.1015 -1.0858
3.1489 -1.0854
3.1903 -1.0832
3.2346 -1.0788
3.2786 -1.0721
3.3220 -1.0631
3.3680 -1.0511
3.4073 -1.0387
3.4518 -1.0220
3.4899 -1.0056
3.5296 -0.9861
3.5676 -0.9637
3.6053 -0.9361
3.6379 -0.9064
3.6654 -0.8761
3.6917 -0.8409
3.7143 -0.8033
3.7343 -0.7606
3.7479 -0.7222
3.7592 -0.6765
3.7653 -0.6331
3.7671 -0.5921
3.7649 -0.5483
3.7590 -0.5075
3.7466 -0.4595
3.7312 -0.4182
3.7133 -0.3816
3.6901 -0.3441
3.6614 -0.3069
3.6312 -0.2751
3.6003 -0.2479
3.5654 -0.2202
3.5270 -0.1924
3.4928 -0.1681
3.4540 -0.1404
3.4198 -0.1160
3.3835 -0.0900
3.3470 -0.0639
3.3080 -0.0359
3.2742 -0.0116
3.2351 0.0165
3.1990 0.0426
3.1650 0.0671
3.1288 0.0933
3.0899 0.1215
3.0561 0.1460
3.0174 0.1741
2.9835 0.1988
2.9474 0.2251
2.9086 0.2535
2.8751 0.2780
2.8363 0.3064
2.8028 0.3319
2.7659 0.3632
2.7350 0.3921
2.7036 0.4245
2.6737 0.4587
2.6438 0.4965
2.6194 0.5311
2.5934 0.5719
2.5725 0.6086
2.5520 0.6490
2.5335 0.6904
2.5161 0.7355
2.5028 0.7757
2.4900 0.8222
2.4807 0.8634
2.4715 0.9072
2.4616 0.9542
2.4529 0.9953
2.4436 1.0390
2.4342 1.0830
2.4248 1.1268
2.4147 1.1737
2.4059 1.2145
2.3956 1.2614
2.3867 1.3024
2.3771 1.3461
2.3674 1.3900
2.3584 1.4308
2.3479 1.4776
2.3382 1.5213
2.3283 1.5652
2.3178 1.6119
2.3085 1.6527
2.2979 1.6996
2.2886 1.7402
2.2785 1.7841
2.2685 1.8277
2.2583 1.8715
2.2475 1.9181
2.2380 1.9589
2.2270 2.0057
2.2192 2.0369
2.2156 2.0464
2.2155 2.0465
2.2155 2.0465
2.2155 2.0465
2.2155 2.0465
2.2155 2.0465
