0.0000 0.0000
0.0000 0.0000
0.0000 0.0000
0.0000 0.0000
0.0000 0.0000
0.0000 0.0000
0.0000 0.0000
0.0122 0.0000
0.0111 0.0000
0.0215 0.0000
0.0219 0.0000
0.0230 0.0000
0.0307 0.0000
0.0339 0.0000
0.0380 0.0000
0.0284 -0.1167
0.0277 -0.0500
0.0464 -0.2958
0.0448 -0.2223
0.0434 -0.2438
0.0226 -0.2420
0.0489 -0.1131
0.0372 -0.1751
0.0426 -0.2213
0.0533 -0.2444
0.0514 -0.1216
0.0368 -0.0608
0.0200 0.0000
0.0546 0.0000
0.0262 0.0000
0.0218 0.0000
0.0749 0.0000
0.0307 0.0000
0.0597 0.0000
0.0576 0.0000
0.0492 0.0000
0.0640 0.0000
0.0900 0.0000
0.0300 0.0000
0.0300 0.0000
0.0300 0.0000
0.0759 0.0000
0.1038 0.0000
0.1200 0.0000
0.1078 0.0000
0.0982 0.0000
0.0981 0.0000
0.1156 0.0000
0.0784 0.0000
0.1084 0.0000
0.1188 0.0000
0.0803 0.0000
0.0503 0.0000
0.0581 0.0000
0.0888 -0.0697
0.0625 -0.1215
0.1267 -0.0653
0.0450 -0.1173
0.0744 -0.0803
0.0815 -0.1457
0.0857 -0.0851
0.0450 -0.1272
0.1190 0.0000
0.0636 0.0000
0.0822 0.0000
0.0961 0.0000
0.0591 0.0000
0.0784 0.0000
0.0744 0.0000
0.0760 0.0000
0.1038 0.0000
0.0672 0.0000
0.1178 0.0000
0.1084 0.0000
0.0503 0.0000
0.0450 0.0000
0.0987 0.0000
0.1245 0.0000
0.0746 0.0570
0.0689 0.0757
0.0783 0.1304
0.0636 0.1123
0.1009 0.1785
0.0697 0.2168
0.0649 0.1533
0.0876 0.2312
0.0768 0.1040
0.0783 0.0696
0.1350 0.0909
0.0839 0.0908
0.0655 0.1147
0.0709 0.0848
0.0561 0.1195
0.1038 0.0928
0.1350 0.1342
0.0840 0.1055
0.0536 0.1147
0.0934 0.0881
0.0634 0.0650
0.1350 0.1109
0.0802 0.0644
0.1132 0.0792
0.0808 0.0904
0.0450 0.1254
0.0590 0.1154
0.1350 0.1500
0.0450 0.0959
0.0450 0.1500
0.0855 0.1408
0.0629 0.1060
0.0617 0.0907
0.1294 0.1256
0.1291 0.0500
0.0450 0.0965
0.1154 0.1260
0.0986 0.1500
0.0589 0.1496
0.0844 0.0896
0.0578 0.0826
0.1187 0.0581
0.1350 0.1219
0.0529 0.1241
0.1347 0.1071
0.0601 0.0534
0.1313 0.1314
0.0783 0.0909
0.0893 0.0837
0.1260 0.0483
0.0797 0.0000
0.0709 0.0000
0.0648 0.0000
0.1000 0.0000
0.0774 0.0000
0.0918 0.0000
0.0843 0.0000
0.0450 0.0000
0.0531 0.0000
0.0450 0.0000
0.0793 0.0000
0.0878 0.0000
0.1033 0.0000
0.0776 0.0000
0.0673 0.0000
0.0682 0.0000
0.0950 0.0000
0.0946 0.0000
0.1090 0.0000
0.0710 0.0000
0.0751 0.0000
0.0979 0.0000
0.0450 0.0000
0.1241 0.0000
0.1264 0.0000
0.0703 0.0000
0.0711 0.0000
0.0786 0.0000
0.1314 0.0000
0.1336 0.0000
0.0631 0.0000
0.0640 0.0000
0.0959 0.0000
0.1088 0.0000
0.0450 0.0000
0.0907 0.0000
0.1094 0.0000
0.1005 0.0000
0.1253 0.0000
0.1335 0.0000
0.0991 0.0000
0.0450 0.0000
0.0659 0.0000
0.0832 0.0000
0.1187 0.0000
0.0878 0.0000
0.0577 0.0000
0.0859 0.0000
0.0920 0.0000
0.0495 0.0000
0.0701 0.0000
0.0666 0.0000
0.0856 0.0000
0.0651 0.0000
0.0602 0.0000
0.0649 0.0000
0.0922 0.0000
0.0450 0.0000
0.1350 0.0000
0.1077 0.0000
0.1051 0.0000
0.1109 0.0000
0.0810 0.0000
0.0502 0.0000
0.0728 0.0000
0.0630 0.0000
0.0667 0.0896
0.0592 0.0727
0.0856 0.0873
0.0546 0.1085
0.0785 0.0923
0.0898 0.1018
0.0663 0.0601
0.0612 0.0774
0.0710 0.1089
0.0495 0.1500
0.0905 0.1093
0.1300 0.1131
0.1053 0.1100
0.1029 0.1167
0.0506 0.0694
0.0915 0.3000
0.0916 0.2784
0.0570 0.2463
0.0654 0.3000
0.0733 0.2499
0.1350 0.0855
0.1078 0.1193
0.0983 0.0832
0.0760 0.1216
0.1049 0.0696
0.1055 0.0808
0.0450 0.0668
0.0816 0.0563
0.0548 0.0996
0.1209 0.0850
0.0939 0.1250
0.0811 0.0912
0.0852 0.0896
0.0967 0.1190
0.0891 0.0897
0.0464 0.0000
0.1101 0.0000
0.0740 0.0000
0.0570 0.0000
0.0720 0.0000
0.1024 0.0000
0.1254 0.0000
0.1263 0.0000
0.0715 0.0000
0.1085 0.0000
0.0664 0.0000
0.0675 0.0000
0.1120 0.0000
0.0934 0.0000
0.0491 0.0000
0.0828 0.0000
0.0697 0.0000
0.0904 0.0000
0.1045 0.0000
0.0731 0.0000
0.1266 0.0000
0.0580 0.0000
0.0856 0.0000
0.1137 0.0000
0.0890 0.0000
0.0964 0.0000
0.1341 0.0000
0.0685 0.0000
0.1049 0.0000
0.0573 0.0000
0.0851 0.0000
0.0752 0.0000
0.0732 0.0707
0.1350 0.0918
0.1342 0.0633
0.0772 0.0866
0.1088 0.1167
0.1008 0.1178
0.0778 0.0883
0.0976 0.0926
0.0882 0.1222
0.0875 0.2051
0.0768 0.2308
0.0821 0.2065
0.1179 0.0964
0.0450 0.0500
0.0479 0.0735
0.0505 0.0914
0.0988 0.0000
0.0687 0.0000
0.1175 0.0000
0.0706 0.0000
0.0919 0.0000
0.0700 0.0000
0.1350 0.0000
0.1285 0.0000
0.0909 0.0000
0.0753 0.0000
0.0663 0.0000
0.0867 0.0000
0.0537 0.0000
0.0671 0.0000
0.1268 0.0000
0.0684 0.0000
0.0642 0.0000
0.0608 0.0000
0.1056 0.0000
0.0680 0.0000
0.1350 0.0000
0.1021 0.0000
0.0825 0.0000
0.0691 0.0000
0.0936 0.0000
0.0897 0.0000
0.0627 0.0000
0.0650 0.0000
0.1301 0.0000
0.0879 0.0000
0.1255 0.0000
0.0815 0.0000
0.0791 0.0000
0.0875 0.0000
0.0972 0.0000
0.1000 0.1467
0.0450 0.0626
0.0496 0.1420
0.0586 0.0748
0.1278 0.1209
0.0865 0.1109
0.1026 0.1399
0.0966 0.1368
0.1350 0.0934
0.0800 0.1097
0.0887 0.1158
0.0901 0.0771
0.1006 0.1401
0.0883 0.0500
0.0703 0.0554
0.0821 0.1500
0.0947 0.1354
0.0694 0.0751
0.1172 0.1032
0.1223 0.1177
0.0901 0.0791
0.0588 0.1141
0.1293 0.1021
0.0798 0.1030
0.0633 0.1338
0.1270 0.0000
0.0553 0.0000
0.0450 0.0000
0.0803 0.0000
0.0884 0.0000
0.0947 0.0000
0.0960 0.1481
0.0990 0.0793
0.0772 0.1260
0.1277 0.0932
0.0939 0.1200
0.1098 0.1366
0.0983 0.0912
0.0551 0.0781
0.0786 0.1122
0.1094 0.0846
0.0762 0.0500
0.1350 0.1053
0.0793 0.1019
0.1219 0.0819
0.1089 0.1061
0.0899 0.1328
0.0982 0.1035
0.0774 0.1406
0.1010 0.1265
0.0916 0.1500
0.0855 0.1500
0.0947 0.0000
0.1270 0.0000
0.1098 0.0000
0.0609 0.0000
0.0450 0.0000
0.1019 0.0000
0.0680 0.0000
0.1235 0.0000
0.0577 0.0000
0.1108 0.0000
0.0721 0.0000
0.0525 0.0000
0.0795 0.0000
0.0951 0.0000
0.1064 0.0000
0.0955 0.0000
0.1350 0.0000
0.1018 0.0000
0.0867 0.0000
0.1007 0.0000
0.1028 0.0000
0.0776 0.0000
0.0745 0.0000
0.1119 0.0000
0.0821 0.0000
0.1039 0.0000
0.0699 0.0000
0.0746 0.0000
0.0913 0.0000
0.0529 0.0802
0.1116 0.1025
0.1137 0.1074
0.0612 0.0773
0.0581 0.1153
0.0901 0.0878
0.0679 0.1500
0.0801 0.0921
0.1045 0.0722
0.0792 0.0937
0.1022 0.1500
0.1089 0.1195
0.0774 0.1000
0.0992 0.2221
0.1152 0.2286
0.0718 0.1828
0.1036 0.1515
0.0483 0.2612
0.0555 0.1884
0.0450 0.2639
0.0673 0.1779
0.0811 0.2538
0.0857 0.2539
0.1113 0.1546
0.0913 0.1358
0.0450 0.3000
0.0570 0.2081
0.0766 0.2283
0.0868 0.2827
0.0802 0.1828
0.0780 0.2347
0.0959 0.1420
0.0925 0.0500
0.1350 0.0000
0.0710 0.0000
0.0898 0.0000
0.0637 0.0000
0.1127 0.0000
0.0937 0.0000
0.0888 0.0000
0.0867 0.0000
0.1012 0.0000
0.1026 0.0000
0.1150 0.0000
0.0957 0.0000
0.0795 0.0000
0.1122 0.0000
0.1305 0.0000
0.1128 0.0000
0.1258 0.0000
0.0450 0.0000
0.1145 0.0000
0.0659 -0.0750
0.0663 -0.1270
0.1288 -0.0605
0.0966 -0.1386
0.1005 -0.1094
0.1082 -0.1386
0.1224 -0.1180
0.1350 -0.0614
0.1066 -0.1056
0.1084 -0.1175
0.1117 -0.0748
0.1155 -0.1177
0.1257 -0.1060
0.0998 -0.0902
0.1350 -0.0990
0.0910 0.0000
0.1052 0.0000
0.1000 0.0000
0.1118 0.0000
0.1307 0.0000
0.1168 0.0000
0.0475 0.0000
0.0791 0.0000
0.0619 0.0000
0.1032 0.0000
0.0841 0.0000
0.1054 0.0000
0.0979 0.0000
0.0877 0.0000
0.0708 0.0000
0.0939 0.0000
0.0939 0.0000
0.0457 0.0000
0.1020 0.0000
0.0886 0.0000
0.1244 0.0000
0.0751 0.0000
0.1095 0.0000
0.0462 0.0000
0.0663 0.0000
0.0670 0.0000
0.0506 0.0000
0.0000 0.0000
0.0000 0.0000
0.0000 0.0000
0.0000 0.0000
0.0000 0.0000
0.0000 0.0000
0.0000 0.0000
